initial_pose:
  x: 3729.1796875
  y: 73727.6640625
  z: 0.0
  qx: 0.0
  qy: 0.0
  qz: 0.1794189773198695
  qw: 0.9837727535246603
goal_pose:
  x: 3785.251220703125
  y: 73756.6875
  z: 0.0
  qx: 0.0
  qy: 0.0
  qz: 0.26855056379447456
  qw: 0.9632655888620074
initial_covariance:
  xx: 0.25
  yy: 0.25
  yaw_yaw: 0.06853891909122467
